Time
	M2MShare_1_hop_10	M2MShare_2_hop_10	M2MShare_3_hop_10	M2MShare_1_hop_25	M2MShare_2_hop_25	M2MShare_3_hop_25	M2MShare_1_hop_50	M2MShare_2_hop_50	M2MShare_3_hop_50	M2MShare_1_hop_75	M2MShare_2_hop_75	M2MShare_3_hop_75	M2MShare_1_hop_100	M2MShare_2_hop_100	M2MShare_3_hop_100
0	0.0	0.0	0.0	0.0	0.0	0.0	0.0	0.0	0.0	0.0	0.0	0.0	0.0	0.0	0.0
1	0.0	0.0	0.0	0.0	0.0	0.0	0.0	0.0	0.0	0.0	0.0	0.0	0.0	0.0	0.0
2	0.0	0.0	0.0	0.0	0.0	0.0	0.0	0.0	0.0	0.0	0.0	0.0	0.0	0.0	0.0
3	0.0	0.0	0.0	0.0	0.0	0.0	0.0	0.0	0.0	0.0	0.0	0.0	0.0	0.0	0.0
4	0.0	0.0	0.0	0.0	0.0	0.0	0.0	0.0	0.0	0.0	0.0	0.0	0.0	0.0	0.0
5	0.0	0.0	0.0	0.0	0.0	0.0	0.0	0.0	0.0	0.0	0.0	0.0	0.0	0.0	0.0
6	0.0	0.0	0.0	0.0	0.0	0.0	0.0	0.0	0.0	0.0	0.0	0.0	0.0	0.0	0.0
7	0.0	0.0	0.0	0.0	0.0	0.0	0.0	0.0	0.0	0.0	0.0	0.0	0.0	0.0	0.0
8	0.0	0.0	0.0	0.0	0.0	0.0	0.0	0.0	0.0	0.0	0.0	0.0	0.0	0.0	0.0
9	0.0	0.0	0.0	0.0	0.0	0.0	0.0	0.0	0.0	0.0	0.0	0.0	0.0	0.0	0.0
10	0.0	0.0	0.0	0.0	0.0	0.0	0.0	0.0	0.0	0.0	0.0	0.0	0.0	0.0	0.0
11	0.0	0.0	0.0	0.0	0.0	0.0	0.0	0.0	0.0	0.0	0.0	0.0	0.0	0.0	0.0
12	0.0041667	0.0041667	0.0041667	0.0041667	0.0041667	0.0041667	0.0041667	0.0041667	0.0041667	0.0041667	0.0041667	0.0041667	0.0041667	0.0041667	0.0041667
13	0.0041667	0.0041667	0.0041667	0.0041667	0.0041667	0.0041667	0.0041667	0.0041667	0.0041667	0.0041667	0.0041667	0.0041667	0.0041667	0.0041667	0.0041667
14	0.0083334	0.0083334	0.0083334	0.0083334	0.0083334	0.0083334	0.0083334	0.0083334	0.0083334	0.0083334	0.0083334	0.0083334	0.0083334	0.0083334	0.0083334
15	0.0083334	0.0083334	0.0083334	0.0083334	0.0083334	0.0083334	0.0083334	0.0083334	0.0083334	0.0083334	0.0083334	0.0083334	0.0083334	0.0083334	0.0083334
16	0.0083334	0.0083334	0.0083334	0.0083334	0.0083334	0.0083334	0.0083334	0.0083334	0.0083334	0.0083334	0.0083334	0.0083334	0.0083334	0.0083334	0.0083334
17	0.0083334	0.0083334	0.0083334	0.0083334	0.0083334	0.0083334	0.0083334	0.0083334	0.0083334	0.0083334	0.0083334	0.0083334	0.0083334	0.0083334	0.0083334
18	0.0083334	0.0083334	0.0083334	0.0083334	0.0083334	0.0083334	0.0083334	0.0083334	0.0083334	0.0083334	0.0083334	0.0083334	0.0083334	0.0083334	0.0083334
19	0.0083334	0.0083334	0.0083334	0.0083334	0.0083334	0.0083334	0.0083334	0.0083334	0.0083334	0.0083334	0.0083334	0.0083334	0.0083334	0.0083334	0.0083334
20	0.0083334	0.0083334	0.0083334	0.0083334	0.0083334	0.0083334	0.0083334	0.0083334	0.0083334	0.0083334	0.0083334	0.0083334	0.0083334	0.0083334	0.0083334
21	0.0083334	0.0083334	0.0083334	0.0083334	0.0083334	0.0083334	0.0083334	0.0083334	0.0083334	0.0083334	0.0083334	0.0083334	0.0083334	0.0083334	0.0083334
22	0.016666766666666666	0.016666766666666666	0.016666766666666666	0.016666766666666666	0.016666766666666666	0.016666766666666666	0.016666766666666666	0.016666766666666666	0.016666766666666666	0.016666766666666666	0.016666766666666666	0.016666766666666666	0.016666766666666666	0.016666766666666666	0.016666766666666666
23	0.016666766666666666	0.016666766666666666	0.016666766666666666	0.016666766666666666	0.016666766666666666	0.016666766666666666	0.016666766666666666	0.016666766666666666	0.016666766666666666	0.016666766666666666	0.016666766666666666	0.016666766666666666	0.016666766666666666	0.016666766666666666	0.016666766666666666
24	0.016666766666666666	0.016666766666666666	0.016666766666666666	0.016666766666666666	0.016666766666666666	0.016666766666666666	0.016666766666666666	0.016666766666666666	0.016666766666666666	0.016666766666666666	0.016666766666666666	0.016666766666666666	0.016666766666666666	0.016666766666666666	0.016666766666666666
25	0.016666766666666666	0.016666766666666666	0.016666766666666666	0.016666766666666666	0.016666766666666666	0.016666766666666666	0.016666766666666666	0.016666766666666666	0.016666766666666666	0.016666766666666666	0.016666766666666666	0.016666766666666666	0.016666766666666666	0.016666766666666666	0.016666766666666666
26	0.04583346666666667	0.04583346666666667	0.04583346666666667	0.04583346666666667	0.04583346666666667	0.04583346666666667	0.04583346666666667	0.04583346666666667	0.04583346666666667	0.04583346666666667	0.04583346666666667	0.04583346666666667	0.04583346666666667	0.04583346666666667	0.04583346666666667
27	0.054166833333333324	0.054166833333333324	0.054166833333333324	0.054166833333333324	0.054166833333333324	0.054166833333333324	0.054166833333333324	0.054166833333333324	0.054166833333333324	0.054166833333333324	0.054166833333333324	0.054166833333333324	0.054166833333333324	0.054166833333333324	0.054166833333333324
28	0.054166833333333324	0.054166833333333324	0.054166833333333324	0.054166833333333324	0.054166833333333324	0.054166833333333324	0.054166833333333324	0.054166833333333324	0.054166833333333324	0.054166833333333324	0.054166833333333324	0.054166833333333324	0.054166833333333324	0.054166833333333324	0.054166833333333324
29	0.12916683333333334	0.12916683333333334	0.12916683333333334	0.12916683333333334	0.12916683333333334	0.12916683333333334	0.12916683333333334	0.12916683333333334	0.12916683333333334	0.12916683333333334	0.12916683333333334	0.12916683333333334	0.12916683333333334	0.12916683333333334	0.12916683333333334
30	0.12916683333333334	0.12916683333333334	0.12916683333333334	0.12916683333333334	0.12916683333333334	0.12916683333333334	0.12916683333333334	0.12916683333333334	0.12916683333333334	0.12916683333333334	0.12916683333333334	0.12916683333333334	0.12916683333333334	0.12916683333333334	0.12916683333333334
31	0.12916683333333334	0.12916683333333334	0.12916683333333334	0.12916683333333334	0.12916683333333334	0.12916683333333334	0.12916683333333334	0.12916683333333334	0.12916683333333334	0.12916683333333334	0.12916683333333334	0.12916683333333334	0.12916683333333334	0.12916683333333334	0.12916683333333334
32	0.1416669333333333	0.25416696666666666	0.25416696666666666	0.1416669333333333	0.25416696666666666	0.25416696666666666	0.1416669333333333	0.25416696666666666	0.25416696666666666	0.1416669333333333	0.25416696666666666	0.25416696666666666	0.1416669333333333	0.25416696666666666	0.25416696666666666
33	0.15000029999999998	0.26250033333333334	0.26250033333333334	0.15000029999999998	0.26250033333333334	0.26250033333333334	0.15000029999999998	0.26250033333333334	0.26250033333333334	0.15000029999999998	0.26250033333333334	0.26250033333333334	0.15000029999999998	0.26250033333333334	0.26250033333333334
34	0.2000004	0.31250043333333327	0.3125004333333333	0.2000004	0.31250043333333327	0.3125004333333333	0.2000004	0.3291671333333333	0.3291671333333333	0.2000004	0.3291671333333333	0.3291671333333333	0.2000004	0.3291671333333333	0.3291671333333333
35	0.2000004	0.31250043333333327	0.3125004333333333	0.2000004	0.31250043333333327	0.3125004333333333	0.2000004	0.3291671333333333	0.3291671333333333	0.2000004	0.3291671333333333	0.3291671333333333	0.2000004	0.3291671333333333	0.3291671333333333
36	0.2000004	0.4125004333333333	0.4125004333333332	0.2000004	0.40833379999999997	0.40833379999999997	0.2000004	0.6250004999999998	0.6250005	0.2000004	0.6250004999999998	0.6250005	0.2000004	0.7250005	0.7250005
37	0.2708337666666667	0.5333338666666665	0.5333338666666666	0.2708337666666667	0.5333338666666665	0.5333338666666665	0.2708337666666667	0.7625006	0.7625006	0.2708337666666667	0.7781256666666666	0.7781256666666667	0.2708337666666667	0.8781256666666672	0.8781256666666668
38	0.2708337666666667	0.5333338666666665	0.5333338666666666	0.2708337666666667	0.5333338666666665	0.5333338666666665	0.2708337666666667	0.7625006	0.7625006	0.2708337666666667	0.7781256666666666	0.7781256666666667	0.2708337666666667	0.8781256666666672	0.8781256666666668
39	0.2708337666666667	0.5333338666666665	0.5333338666666666	0.2708337666666667	0.5333338666666665	0.5333338666666665	0.2708337666666667	0.7958334666666667	0.7958334666666668	0.2708337666666667	0.8114585333333333	0.8114585333333334	0.2708337666666667	0.8947921000000005	0.8947921000000001
40	0.2708337666666667	0.5333338666666665	0.5333338666666666	0.2708337666666667	0.5333338666666665	0.5333338666666665	0.2708337666666667	0.7958334666666667	0.7958334666666668	0.2708337666666667	0.8114585333333333	0.8114585333333334	0.2708337666666667	0.9031255000000006	0.9031255
41	0.2708337666666667	0.5333338666666665	0.5333338666666666	0.2708337666666667	0.5333338666666665	0.5333338666666665	0.2708337666666667	0.7958334666666667	0.7958334666666668	0.2708337666666667	0.8114585333333333	0.8114585333333334	0.2708337666666667	0.9031255000000006	0.9031255
42	0.2791671333333334	0.5416672333333332	0.5416672333333332	0.2791671333333334	0.5416672333333332	0.5416672333333332	0.2791671333333334	0.8041668333333334	0.8041668333333334	0.2791671333333334	0.8197919	0.8197919000000001	0.2791671333333334	0.9114588666666673	0.9114588666666668
43	0.2791671333333334	0.5416672333333332	0.5416672333333332	0.2791671333333334	0.5416672333333332	0.5416672333333332	0.2791671333333334	0.8041668333333334	0.8041668333333334	0.2791671333333334	0.8197919	0.8197919000000001	0.2791671333333334	0.9114588666666673	0.9114588666666668
44	0.2791671333333334	0.5416672333333332	0.5416672333333332	0.2791671333333334	0.5416672333333332	0.5416672333333332	0.2791671333333334	0.8041668333333334	0.8041668333333334	0.2791671333333334	0.8197919	0.8197919000000001	0.2791671333333334	0.9281252666666673	0.9281252666666667
45	0.2791671333333334	0.6416672333333332	0.6416672333333334	0.2791671333333334	0.6416672333333332	0.6416672333333332	0.2791671333333334	0.9041668333333338	0.9041668333333334	0.2791671333333334	0.9197919000000004	0.9197919	0.2791671333333334	1.0281252666666674	1.0281252666666667
46	0.28750020000000004	0.6500002999999999	0.6500003000000002	0.28750020000000004	0.7708337666666666	0.7708337666666668	0.28750020000000004	1.0875004000000006	1.0875004	0.28750020000000004	1.1031254666666672	1.1031254666666668	0.28750020000000004	1.2114588333333338	1.211458833333333
47	0.28750020000000004	0.6833336666666665	0.6833336666666667	0.28750020000000004	0.8208338666666667	0.8208338666666669	0.28750020000000004	1.2333338000000003	1.2333337999999996	0.28750020000000004	1.2614589333333335	1.261458933333333	0.28750020000000004	1.3697922999999999	1.3697922999999994
48	0.2250002	0.7166670666666667	0.7166670666666667	0.2250002	0.8500006	0.8500006000000002	0.2250002	1.3500006	1.3500006	0.2250002	1.5739591999999987	1.5739591999999993	0.2250002	1.7781259333333312	1.7781259333333324
49	0.40000023333333334	0.8916671	0.8916671000000002	0.40000023333333334	1.0291673333333333	1.0291673333333338	0.40000023333333334	1.5291673333333333	1.5291673333333327	0.40000023333333334	1.7531259333333322	1.7531259333333322	0.40000023333333334	2.0572926666666644	2.0572926666666658
50	0.40000023333333334	0.8875004333333333	0.8875004333333335	0.40000023333333334	0.9958338333333334	0.9958338333333336	0.40000023333333334	1.5041672	1.5041671999999993	0.40000023333333334	1.7406256999999987	1.740625699999999	0.40000023333333334	2.103125799999998	2.103125799999999
51	0.40000023333333334	0.7875004333333333	0.7875004333333335	0.40000023333333334	1.0958338333333337	1.0958338333333337	0.40000023333333334	1.6083338999999992	1.6083338999999992	0.40000023333333334	1.8447923999999987	1.8447923999999989	0.40000023333333334	2.0947924333333314	2.0947924333333323
52	0.4083336	0.7958338	0.7958338000000003	0.4083336	1.1041672000000002	1.1041672000000002	0.4083336	1.616667266666666	1.616667266666666	0.4083336	1.8364590333333317	1.836459033333332	0.4083336	2.0864590666666647	2.086459066666665
53	0.3541669333333334	0.7833338666666666	0.7833338666666668	0.3541669333333334	1.095833966666667	1.0958339666666668	0.3541669333333334	1.6083340333333325	1.6083340333333325	0.3541669333333334	1.8072923999999984	1.8072923999999986	0.3541669333333334	2.078125833333331	2.1114591999999983
54	0.3375001666666667	0.6791671333333333	0.6791671333333335	0.3375001666666667	0.9916672333333334	0.9916672333333337	0.3375001666666667	1.4916672666666662	1.491667266666666	0.3375001666666667	1.7072923666666648	1.7072923666666655	0.3375001666666667	1.9781257999999984	2.0114591666666657
55	0.4375001666666666	0.8833337666666667	0.8833337666666671	0.4375001666666666	1.3833338999999998	1.3833338999999996	0.4375001666666666	1.7958338999999985	1.7958338999999985	0.4375001666666666	2.115625766666663	2.115625766666665	0.4375001666666666	2.5781257999999965	2.611459166666664
56	0.4375001666666666	1.3958338666666665	1.3958338666666663	0.4375001666666666	2.000000666666666	2.0000006666666645	0.4375001666666666	2.4375007333333305	2.4375007333333314	0.4375001666666666	2.815625933333329	2.828125966666664	0.4375001666666666	3.4156260666666616	3.4614594666666627
57	0.6000001666666663	1.8958338333333324	2.1750007333333317	0.6000001666666663	2.7041673666666646	3.0958343333333307	0.6000001666666663	3.2458341999999965	3.2083345333333297	0.6000001666666663	3.7614593999999952	3.737501399999997	0.6000001666666663	4.429167833333328	4.538543199999997
58	0.6375002666666664	2.0875006333333324	2.5875006999999983	0.6375002666666664	3.208334133333331	3.891667699999996	0.6375002666666664	3.8916678666666615	4.150001499999995	0.6375002666666664	4.5031261333333275	4.775001433333328	0.6375002666666664	5.28750126666666	5.692709933333329
59	0.6625002333333331	2.1375006333333317	2.704167433333331	0.6625002333333331	3.4875008999999957	4.175001166666663	0.6625002333333331	4.39166806666666	4.9041685666666615	0.6625002333333331	5.303126399999994	5.887501933333328	0.6625002333333331	6.162501599999993	7.117710633333328
60	0.6625002333333331	2.1375006333333317	2.704167433333331	0.6625002333333331	3.787500933333329	4.583334633333328	0.6625002333333331	5.183334833333327	5.812502066666662	0.6625002333333331	6.078126499999993	6.925002166666661	0.6625002333333331	7.129168433333325	8.292710933333327
61	0.6208335333333331	2.375000699999997	2.9416674999999968	0.6208335333333331	3.900001099999996	4.987501533333329	0.6208335333333331	5.38333496666666	6.108335566666661	0.6208335333333331	6.478126633333326	7.554168933333328	0.6208335333333331	7.429168566666659	9.03854456666666
62	0.6250002333333332	2.3791673999999974	2.945834199999997	0.6250002333333332	3.9083344999999956	4.995834933333328	0.6250002333333332	5.4916683666666595	6.362502333333327	0.6250002333333332	6.511460033333325	7.733335699999994	0.6250002333333332	7.558335399999991	9.317711466666658
63	0.6250002333333332	2.3791673999999974	2.945834199999997	0.6250002333333332	4.120834633333328	5.208335066666662	0.6250002333333332	5.59166846666666	6.475002466666661	0.6250002333333332	6.723960166666658	7.945835833333327	0.6250002333333332	7.787502266666658	9.546878333333325
64	0.5250002333333332	2.2833339666666643	2.850000766666663	0.5250002333333332	4.029167833333329	5.116668266666663	0.5250002333333332	5.500001666666661	6.383335666666661	0.5250002333333332	6.644793399999992	7.8666690666666605	0.5250002333333332	7.729168899999991	9.488544966666659
65	0.5250002333333332	2.287500666666664	2.854167466666664	0.5250002333333332	4.033334533333329	5.120834966666663	0.5250002333333332	5.512501699999993	6.395835699999994	0.5250002333333332	6.661460133333325	7.883335799999994	0.5250002333333332	7.745835633333325	9.505211699999991
66	0.5250002333333332	2.287500666666664	2.854167466666664	0.5250002333333332	4.033334533333329	5.120834966666663	0.5250002333333332	5.4875016666666605	6.445835699999994	0.5250002333333332	6.636460099999992	8.033335799999994	0.5250002333333332	7.725002299999991	9.65937839999999
67	0.5250002333333332	2.2875006666666637	2.8541674666666634	0.5250002333333332	4.091667866666662	5.179168299999996	0.5250002333333332	5.550001266666659	6.508335299999994	0.5250002333333332	6.698959699999992	8.166668799999993	0.5250002333333332	7.787501899999992	9.792711399999991
68	0.5250002333333332	2.3541673666666636	2.9208341666666633	0.5250002333333332	4.158334566666662	5.245834999999996	0.5250002333333332	5.72083466666666	6.770835366666661	0.5250002333333332	6.948959733333325	8.508335499999994	0.5250002333333332	7.975001899999992	10.209378066666657
69	0.42500023333333303	2.485417399999996	3.052084199999996	0.42500023333333303	4.4687512666666604	5.556251699999995	0.42500023333333303	5.954167999999995	7.008335399999995	0.42500023333333303	7.548959733333326	9.212502199999992	0.42500023333333303	8.62395986666666	10.962502733333322
70	0.41666686666666647	2.485417399999996	3.147917499999996	0.41666686666666647	4.485417966666661	5.872918333333329	0.41666686666666647	6.062501399999992	7.375002166666661	0.41666686666666647	7.719793199999993	9.995835733333326	0.41666686666666647	8.80729336666666	11.795836233333322
71	0.40833349999999974	2.643750733333329	3.3062508333333294	0.40833349999999974	4.7770846333333274	6.25208503333333	0.40833349999999974	6.31250136666666	7.745835533333329	0.40833349999999974	8.11562656666666	10.529169266666658	0.40833349999999974	9.22396009999999	12.450003133333324
72	0.40833349999999974	2.981250899999995	3.6354176333333297	0.40833349999999974	5.15625136666666	6.631251766666662	0.40833349999999974	6.875001399999992	8.59583566666666	0.40833349999999974	8.940626666666661	11.875002833333324	0.40833349999999974	10.128126933333325	13.895836799999987
73	0.40833349999999974	2.9145844333333284	3.652084599999996	0.40833349999999974	5.239585066666661	6.922918899999995	0.40833349999999974	7.12916836666666	9.183336133333325	0.40833349999999974	9.19479376666666	12.625003466666657	0.40833349999999974	10.43333569999999	14.945837466666655
74	0.4541668666666664	3.172917899999995	4.018751433333329	0.4541668666666664	5.597918499999993	7.402085666666661	0.4541668666666664	7.562501833333325	9.75000306666666	0.4541668666666664	9.636460666666661	13.300003833333323	0.4541668666666664	11.14583599999999	15.975004233333319
75	0.4541668666666664	3.1750011999999947	4.020834733333329	0.4541668666666664	5.750001899999992	7.554169066666661	0.4541668666666664	7.816668633333325	10.233336066666658	0.4541668666666664	10.369794166666658	14.40000363333332	0.4541668666666664	11.870836166666656	17.12917053333332
76	0.5541668666666664	3.3041679666666606	4.150001499999996	0.5541668666666664	5.875002033333327	7.791669266666661	0.5541668666666664	7.870835399999992	10.550002999999991	0.5541668666666664	10.437502566666659	14.866670766666653	0.5541668666666664	12.100002966666656	17.80833766666665
77	0.6541668666666666	3.416667999999994	4.333334666666662	0.6541668666666666	5.99166876666666	8.05416926666666	0.6541668666666666	7.991668833333325	11.029169933333323	0.6541668666666666	10.462502699999991	15.041670866666653	0.6541668666666666	12.137503133333322	18.14167096666665
78	0.6541668666666666	3.5541680999999934	4.662501399999996	0.6541668666666666	6.1791688999999925	8.433336033333326	0.6541668666666666	8.158335566666658	11.629170066666656	0.6541668666666666	11.008336133333327	16.00833756666665	0.6541668666666666	12.683336566666656	19.33750429999998
79	0.6541668666666666	4.0083348333333255	5.5416683333333285	0.6541668666666666	6.554168933333326	9.212502966666658	0.6541668666666666	8.633335599999992	13.204170699999986	0.6541668666666666	11.691669533333323	18.312504799999985	0.6541668666666666	13.52500323333332	22.137504833333313
80	0.6541668666666666	4.133334999999993	6.279168666666662	0.6541668666666666	7.191669266666659	10.600003666666657	0.6541668666666666	9.395836033333326	15.564588566666654	0.6541668666666666	12.691670199999988	21.88333979999998	0.6541668666666666	15.00417073333332	26.622923033333315
81	0.7750002000000003	4.845834899999992	8.129168899999993	0.7750002000000003	7.850002566666658	12.879170333333322	0.7750002000000003	10.845836199999992	21.60625486666665	0.7750002000000003	14.587503633333322	29.133339899999978	0.7750002000000003	17.320837533333318	35.28333960000009
82	0.9208336333333341	6.045835433333323	10.029169633333328	0.9208336333333341	9.029169666666657	15.979171433333319	0.9208336333333341	12.791670266666655	26.806257266666645	0.9208336333333341	17.187504699999987	35.90417646666684	0.9208336333333341	20.193755433333315	43.46667583333396
83	0.9208336333333341	6.429168933333325	10.791669966666658	0.9208336333333341	9.74583626666666	17.633338133333318	0.9208336333333341	13.820837099999988	30.527091266666638	0.9208336333333341	18.429171233333317	40.85938536666712	0.9208336333333341	21.752088599999983	50.167719000000844
84	0.9208336333333341	6.791669233333324	11.345837033333327	0.9208336333333341	10.712503233333326	19.700005499999982	0.9208336333333341	15.166670699999989	33.97709233333331	0.9208336333333341	20.045838166666652	45.22605333333404	0.9208336333333341	23.512505199999982	55.57605390000113
85	0.9208336333333341	6.791669233333324	11.545837033333324	0.9208336333333341	10.820836599999991	20.591672266666652	0.9208336333333341	15.462504199999987	36.10625936666688	0.9208336333333341	20.620838433333315	48.271887166667504	0.9208336333333341	24.091672166666648	59.25105443333463
86	0.9208336333333341	6.80000259999999	11.55833709999999	0.9208336333333341	10.916670099999992	20.991672366666652	0.9208336333333341	15.566671066666654	37.18125963333363	0.9208336333333341	20.616671933333315	50.27188760000091	0.9208336333333341	24.095839033333316	61.45105493333478
87	0.9250002333333341	6.958335933333324	11.91250379999999	0.9250002333333341	11.233336799999991	21.53750596666665	0.9250002333333341	15.89167113333332	38.452093466667044	0.9250002333333341	21.10417206666665	51.764596533334284	0.9250002333333341	24.620839033333315	63.2885554666682
88	0.9250002333333341	6.958335933333324	11.93333719999999	0.9250002333333341	11.233336799999991	21.58125609999998	0.9250002333333341	15.904171166666654	38.606260500000396	0.9250002333333341	21.11667209999998	52.15209696666765	0.9250002333333341	24.633339066666647	63.96043043333494
89	0.9250002333333341	6.966669266666657	12.045837166666656	0.9250002333333341	11.258336866666658	21.74792296666665	0.9250002333333341	15.920837866666654	38.80626086666709	0.9250002333333341	21.133338799999983	52.34793070000101	0.9250002333333341	24.654172466666648	64.15626416666831
90	0.9250002333333341	6.979169333333323	12.13750379999999	0.9250002333333341	11.279170299999992	21.843756299999985	0.9250002333333341	15.987504699999986	39.147927800000424	0.9250002333333341	21.225005699999983	52.70834776666768	0.9250002333333341	24.750006066666646	64.51876453333502
91	0.9250002333333341	6.987502733333324	12.250003866666656	0.9250002333333341	11.279170299999992	21.964589733333316	0.9250002333333341	16.08750473333332	39.40626143333379	0.9250002333333341	21.23333909999998	52.8989729666677	0.9250002333333341	24.666672866666648	64.67605643333503
92	0.9250002333333341	6.987502733333324	12.250003866666656	0.9250002333333341	11.35833699999999	22.118756433333314	0.9250002333333341	16.195838066666653	39.91876100000048	0.9250002333333341	21.35000579999998	53.89272276666779	0.9250002333333341	24.783339566666648	66.02605600000177
93	1.2250002333333334	7.48333619999999	13.129170666666658	1.2250002333333334	12.08333709999999	23.27292349999998	1.2250002333333334	17.216671566666655	41.37709493333389	1.2250002333333334	22.379172666666648	55.86772356666792	1.2250002333333334	26.01667309999998	68.6968899666685
94	1.2250002333333334	7.84583609999999	13.775004033333323	1.2250002333333334	12.695837233333323	24.260423833333316	1.2250002333333334	17.795838233333317	43.181261833334	1.2250002333333334	23.00417269999998	58.58126520000136	1.2250002333333334	26.71250636666665	72.04063940000131
95	1.2250002333333334	7.970835899999991	14.512503899999988	1.2250002333333334	13.133337166666657	25.539590499999978	1.2250002333333334	18.025004999999982	46.56459530000083	1.2250002333333334	23.204172633333314	62.124494600001555	1.2250002333333334	27.004173133333314	76.3770987000009
96	1.2250002333333334	8.100002733333323	15.112504299999987	1.2250002333333334	14.270837366666656	27.36042453333331	1.2250002333333334	18.741671699999987	49.13021943333428	1.2250002333333334	23.775005699999983	66.16095263333524	1.2250002333333334	27.978131333333312	81.17501463333404
97	1.0333334666666671	8.183336233333323	15.475004266666652	1.0333334666666671	14.47083739999999	28.29375866666664	1.0333334666666671	18.787505133333315	51.13021950000108	1.0333334666666671	23.545839233333314	69.44428690000191	1.0333334666666671	27.682298266666646	85.51668240000045
98	0.9333334666666676	8.016669433333321	16.02500453333332	0.9333334666666676	14.129170466666656	29.147925433333306	0.9333334666666676	19.279171733333317	53.59272046666784	0.9333334666666676	24.125006033333314	72.12762156666813	0.9333334666666676	28.190631499999977	88.87085000000025
99	0.9333334666666676	8.20416953333332	16.966671499999983	0.9333334666666676	14.429170466666655	29.53125886666664	0.9333334666666676	19.475005099999983	54.56772090000121	0.9333334666666676	24.483339233333314	72.83595550000142	0.9333334666666676	28.41146489999998	89.42293356666686
100	1.0583335333333344	7.862502866666655	16.829171699999982	1.0583335333333344	14.375004066666655	29.622926199999974	1.0583335333333344	19.237505233333312	54.66772170000127	1.0583335333333344	24.275006133333314	72.8692897666681	1.0583335333333344	28.290631899999976	89.55210123333352
101	1.1000001666666677	8.025002966666655	17.045838433333316	1.1000001666666677	14.387504133333321	29.77084319999997	1.1000001666666677	19.404171933333316	55.0302222000013	1.1000001666666677	24.22500629999998	73.54012350000137	1.1000001666666677	28.253131933333307	90.77814313333339
102	1.1166669000000011	8.141669633333322	17.145838533333315	1.1166669000000011	14.64167083333332	30.40626019999997	1.1166669000000011	19.29583846666665	55.53438930000136	1.1166669000000011	24.31667289999998	74.4547067666679	1.1166669000000011	27.953131899999978	91.91043383333323
103	1.2166669000000006	8.300002766666655	18.12083866666665	1.2166669000000006	14.816670799999988	32.5229270333333	1.2166669000000006	19.608338766666645	59.02813966666831	1.2166669000000006	24.750006633333314	79.08074826666761	1.2166669000000006	28.569798799999976	98.19272546666613
104	1.2416669666666673	9.062502999999989	20.537505633333314	1.2416669666666673	15.750004599999986	36.67917806666692	1.2416669666666673	20.687505766666643	65.67814073333538	1.2416669666666673	26.333340566666646	88.60574980000025	1.2416669666666673	30.286465999999976	109.67189389999868
105	1.6458336666666642	9.762503233333321	23.650005933333315	1.6458336666666642	17.612504633333323	42.112511500000544	1.6458336666666642	22.66042253333331	74.33022406666781	1.6458336666666642	29.07917403333331	101.3916877999995	1.6458336666666642	32.82500769999997	124.0885612666642
106	1.8541671333333307	10.500003333333323	25.67813163333331	1.8541671333333307	18.49375519999999	46.39167893333408	1.8541671333333307	23.381255966666647	81.75001610000065	1.8541671333333307	29.612507466666646	111.95939609999874	1.8541671333333307	33.781257599999975	136.8906460666627
107	1.8708337999999973	10.779170066666655	27.923965299999978	1.8708337999999973	18.529171766666654	51.370846600001	1.8708337999999973	24.35833923333331	92.6562668666664	1.8708337999999973	31.17709089999998	124.98647933333089	1.8708337999999973	35.26250746666671	151.5677294000001
108	1.8208339333333305	10.687503599999987	29.123965966666642	1.8208339333333305	18.02500546666665	54.70418133333456	1.8208339333333305	23.854172966666642	97.6500176999995	1.8208339333333305	30.981258099999973	131.27814693333036	1.8208339333333305	35.05000816666669	159.64793926666798
109	1.7541672333333307	10.966670199999987	30.211465999999977	1.7541672333333307	18.35833876666665	56.970848500001395	1.7541672333333307	24.30833973333331	101.44168469999924	1.7541672333333307	31.552091533333304	136.37606396666283	1.7541672333333307	35.687508300000076	165.3291900333358
110	1.8000005999999973	10.683336499999989	30.31979953333331	1.8000005999999973	18.04167206666665	57.97918223333478	1.8000005999999973	23.85625606666665	102.86043523333255	1.8000005999999973	30.982299533333308	138.16669019999662	1.8000005999999973	34.852612100000016	167.03648226666945
111	1.8041671666666639	10.704169666666655	30.682299599999975	1.8041671666666639	18.07083869999998	58.737516066668164	1.8041671666666639	23.97708933333331	103.7291853333325	1.8041671666666639	30.998966099999972	138.8937731666635	1.8041671666666639	34.86511196666668	168.40106536666966
112	1.8166671999999973	10.708336399999988	30.890633099999977	1.8166671999999973	18.183338799999984	59.10834920000152	1.8166671999999973	24.097922699999977	104.33335206666581	1.8166671999999973	31.01563289999997	139.66616983333066	1.8166671999999973	34.890112133333346	169.44377413333635
113	1.8208338999999973	10.70833649999999	30.898966599999977	1.8208338999999973	18.31250569999998	59.27501613333488	1.8208338999999973	24.322922899999977	104.59376896666582	1.8208338999999973	31.173966399999973	140.0442950999974	1.8208338999999973	35.11511233333336	169.83544123333644
114	1.920833899999997	10.81666989999999	31.123966799999973	1.920833899999997	18.43333919999998	59.75834960000159	1.9208338999999968	24.356256433333314	105.24793573333235	1.920833899999997	31.211466633333306	140.7026289666646	1.9208338999999968	35.15261256666668	170.63127536666988
115	2.020833899999997	10.96250319999999	31.357300333333306	2.020833899999997	18.754172533333314	60.481266633334975	2.020833899999997	24.681256466666646	105.9458525333322	2.020833899999997	31.53229996666664	141.312004099998	2.020833899999997	35.49011236666671	171.57085910000328
116	2.216667299999997	11.233336633333321	31.907299966666642	2.216667299999997	19.40833949999998	61.42293266666836	2.216667299999997	25.200006766666647	107.1354357333321	2.216667299999997	32.0302171333333	143.05992086666527	2.216667299999997	35.8901128333334	173.55627573333712
117	2.4041673666666634	11.791670033333322	32.80938306666664	2.4041673666666634	20.33333969999998	63.29689143333516	2.4041673666666634	26.231256766666647	110.29585259999867	2.4041673666666634	32.60938353333331	146.75627433333278	2.4041673666666634	36.504695866666765	177.63231723333794
118	2.7333340999999978	12.162503433333319	33.621883133333306	2.7333340999999978	21.095839933333313	65.86564203333532	2.7333340999999978	27.552090366666643	114.71251899999847	2.7333340999999978	34.37188389999998	152.53335600000045	2.7333340999999978	38.358862966666806	184.15471166667214
119	2.8875007999999975	12.65000373333332	34.801049833333416	2.8875007999999975	21.51667389999998	68.52605980000203	2.887500799999997	27.689591099999973	117.9437689666649	2.8875007999999975	34.48646799999999	156.81668900000116	2.887500799999997	38.5880307333335	189.32450303333974
120	2.7916673999999966	12.487503699999985	34.87396670000008	2.7916673999999966	21.300007099999977	69.33439280000196	2.791667399999996	27.310424666666638	118.87501906666454	2.7916673999999966	34.21771806666664	158.37293923333465	2.791667399999996	38.13178110000015	191.73179390000666
121	2.7333338999999968	12.75000386666665	35.28229993333345	2.7333338999999968	21.337507066666646	69.97501686666872	2.7333338999999968	26.402090733333306	118.88751909999776	2.7333338999999968	32.66146749999997	158.25210616666814	2.7333338999999968	36.52605123333346	190.4854391666736
122	2.7000004999999967	12.441670499999985	35.09896606666678	2.7000004999999967	21.30417369999998	69.95418310000208	2.7000004999999967	26.625007199999974	118.8500203666643	2.7000004999999967	32.49688369999997	158.45835670000147	2.7000004999999967	36.323967800000105	190.39689716667382
123	2.620833799999997	12.19583716666665	34.76250760000005	2.620833799999997	20.920840266666644	69.39376626666878	2.620833799999997	25.98334056666664	118.38752083333097	2.620833799999997	31.717717033333304	157.92293946666808	2.620833799999997	35.809384533333414	188.60523046667382
124	2.5875005666666633	12.02917046666665	34.40417423333336	2.5875005666666633	20.612506733333312	69.0041826000022	2.5875005666666633	25.337507099999975	117.47293756666461	2.5875005666666633	31.23542526666664	157.06668993333435	2.5875005666666633	35.21667606666673	188.18231446667383
125	2.4916672666666626	12.083337333333315	34.30000783333334	2.4916672666666626	20.575006999999978	68.83647456666897	2.491667266666664	25.262507333333307	118.3062704666646	2.4916672666666626	31.077092266666636	157.38544016666765	2.491667266666664	35.23959313333341	188.26981490000716
126	2.237500466666664	12.120837033333316	34.34167476666667	2.237500466666664	20.429173666666646	70.12397523333543	2.2375004666666642	25.479173866666642	120.15418606666414	2.237500466666664	31.7625092333333	161.1073126333353	2.2375004666666642	35.98126006666676	192.06043790000777
127	2.3375004666666634	12.345837099999985	36.55834190000021	2.3375004666666634	20.566673599999977	72.7489761333351	2.3375004666666634	26.272923733333307	124.11304153333035	2.3375004666666634	32.6020922333333	165.90002186667004	2.3375004666666634	36.547926533333474	196.8677294000093
128	2.3125004333333306	12.875004066666651	38.47709190000042	2.3125004333333306	20.86667333333331	76.97085130000133	2.312500433333331	26.320840333333308	131.24012513332954	2.3125004333333306	32.477091966666634	172.11877163333742	2.312500433333331	36.454176133333476	202.94273053334348
129	2.4583338666666634	14.516670566666651	42.356258533333964	2.4583338666666634	21.48958943333331	83.77397736666711	2.4583338666666634	27.472923266666644	140.11304159999685	2.4583338666666634	32.75417476666664	182.51147933334013	2.4583338666666634	37.338550366666844	215.02293716667901
130	2.4583338666666634	14.75833736666665	45.67917570000085	2.4583338666666634	21.13958949999998	90.3260615333334	2.4583338666666634	26.68125636666664	149.22554389999993	2.4583338666666634	31.891674599999973	191.190647133342	2.4583338666666634	36.20521703333347	224.8442915666814
131	2.4500005999999965	15.462504533333316	47.92501020000103	2.4500005999999965	21.39375459999998	95.53126933333286	2.4500005999999965	26.787505599999978	154.7359608000011	2.4500005999999965	31.139591633333303	197.17502300001019	2.4500005999999965	35.4760496666668	231.21512546668384
132	2.183333899999996	14.70000459999998	48.49584380000109	2.183333899999996	21.089587699999978	98.63126813333261	2.183333899999996	25.85000619999998	159.99741843333533	2.183333899999996	29.56042549999997	203.36408490001133	2.183333899999996	34.22813340000003	238.0859579000181
133	2.183333899999996	14.937504533333316	49.637510400001105	2.183333899999996	21.685421066666645	101.41251839999907	2.183333899999996	26.14167279999998	163.666168700003	2.183333899999996	29.88125879999997	206.85783550001167	2.183333899999996	34.776050100000084	241.91304190001895
134	2.17916723333333	14.916671299999983	50.05834343333447	2.17916723333333	22.03125446666665	102.90835149999884	2.17916723333333	26.733339333333316	165.6620017000042	2.17916723333333	30.464592066666636	209.3849193666787	2.17916723333333	35.471883300000144	244.13387536668642
135	2.2125005666666633	14.937504633333315	50.33126033333448	2.2125005666666633	22.00208786666665	103.59793546666548	2.2125005666666633	26.77917259999998	166.69012690000437	2.2125005666666633	30.414592033333303	210.6927318666788	2.2125005666666633	35.52604993333348	245.42450076668698
136	2.2125005666666633	14.841671333333316	50.63959343333447	2.2125005666666633	22.110421366666646	104.29585209999874	2.2125005666666633	26.514589299999976	167.28387706667107	2.2125005666666633	30.19375889999997	211.0135654666788	2.2125005666666633	35.37605016666681	246.17866780002035
137	2.2125005666666633	14.75833806666665	50.639593666667814	2.2125005666666633	21.981254733333312	104.48335226666528	2.2125005666666633	26.42708919999998	167.5026274333378	2.2125005666666633	30.168758966666637	211.0614823000122	2.2125005666666633	35.351050066666794	246.3557514666871
138	2.112500566666663	14.666671433333315	50.81042720000116	2.112500566666663	21.814587999999976	104.57501916666531	2.112500566666663	26.23542259999998	167.64012793333782	2.112500566666663	29.956259066666636	211.18648233334562	2.112500566666663	35.05105023333343	246.43908500002044
139	1.9125005666666643	14.550004733333315	50.91042746666782	1.9125005666666643	21.61458809999998	105.07918593333186	1.9125005666666643	26.097922566666647	168.09429470000455	1.9125005666666643	29.739592333333302	211.29898253334565	1.9125005666666643	34.901050166666764	246.70158510002054
140	1.8125005666666647	14.745838033333316	51.71876096666785	1.8125005666666647	21.602087766666646	106.07397726666514	1.8125005666666647	26.200005466666646	168.84429310000462	1.8125005666666647	29.80000839999997	211.671377066679	1.8125005666666647	35.12604963333344	247.23179183335395
141	1.7500004666666649	14.841671366666649	52.17709430000126	1.7500004666666649	21.535421099999976	107.05731039999839	1.7500004666666649	26.358338533333313	170.64637506667182	1.7500004666666649	29.44584146666664	214.34845953334624	1.7500004666666649	34.89479920000007	249.84741550002173
142	1.4541671666666647	14.416671633333312	53.3854281666681	1.4541671666666647	20.937504599999976	107.88647743333168	1.4541671666666647	26.48333879999998	172.79012530000514	1.4541671666666647	28.981258299999972	215.88908350001327	1.4541671666666647	34.25104913333336	250.75782923335547
143	1.3208338666666648	14.21667183333331	54.57709576666821	1.3208338666666648	20.595837766666644	109.36564406666483	1.3208338666666648	25.772922099999978	173.3088748333384	1.3208338666666648	28.09584149999997	217.7953328666812	1.3208338666666648	32.51354866666664	252.8536623666897
144	1.3416672666666645	14.258338499999978	54.735430000001664	1.3416672666666645	21.19792163333331	110.80314439999776	1.3416672666666645	26.067713999999977	175.3067933333396	1.3416672666666645	28.506258233333305	218.7724166666817	1.3416672666666645	32.7843821333333	254.09220360002382
145	1.4416673333333312	14.662505499999979	55.697930100001784	1.4416673333333312	20.993755399999976	111.16356093333108	1.4416673333333312	26.051047666666644	176.61304383333984	1.4416673333333312	28.206258333333302	219.4807510333492	1.4416673333333312	32.45313266666663	255.2692886666913
146	1.6791674666666638	14.916672033333311	56.068763866668526	1.6791674666666638	21.29792203333331	111.86043536666419	1.6791674666666643	26.34688109999998	176.77241896667329	1.6791674666666638	28.825008299999972	219.59533393334942	1.6791674666666643	32.66354939999997	254.75782976669143
147	1.6083342333333306	14.875005366666644	55.86459720000183	1.6083342333333306	22.077089033333312	112.19793566666412	1.6083342333333306	26.955214499999975	176.58283603333996	1.6083342333333306	29.17709149999997	218.8224175333493	1.6083342333333306	33.08854936666663	253.19324623335814
148	1.5333341333333306	14.487505466666644	55.66251413333517	1.5333341333333306	21.522922233333315	111.583352433331	1.5333341333333306	26.51563113333331	176.02241956667328	1.5333341333333306	28.772925033333305	218.45575070001556	1.5333341333333306	33.032299333333306	252.79324620002475
149	1.4458342333333307	14.450005466666644	56.52084846666857	1.4458342333333307	22.183339199999978	112.69168656666403	1.4458342333333307	26.828131366666643	177.18908646667361	1.4458342333333307	29.562508733333303	219.3265844000165	1.4458342333333307	33.6385495333333	253.0578299666918
150	1.5708341666666643	14.183338899999974	57.920848600002	1.5708341666666643	22.850005799999977	114.85002079999727	1.5708341666666643	27.634381766666642	181.15575363334148	1.5708341666666643	30.320842466666633	223.84741686668366	1.5708341666666643	34.996883366666715	257.08699736669263
151	1.6666673666666634	15.445839066666647	61.85418116666888	1.6666673666666634	24.412505499999977	119.82918643333012	1.666667366666664	29.463548433333308	188.79012776667594	1.6666673666666634	32.252092633333305	231.66460353335214	1.666667366666664	36.953133033333536	266.50991316669536
152	1.7916672999999967	17.36875639999998	66.88959770000268	1.7916672999999967	26.48750593333331	126.68647926666284	1.7916672999999972	31.439590766666644	198.8515856000113	1.7916672999999967	34.86146820000004	242.985434333354	1.7916672999999972	40.22813350000079	279.2515781333653
153	2.0291674666666633	19.747923266666646	72.88751433333523	2.0291674666666633	28.95417246666665	134.96460536666217	2.0291674666666633	33.71042416666664	211.56877320001396	2.0291674666666633	36.88021813333351	256.39845386669083	2.0291674666666633	42.90729993333437	292.62136933336717
154	2.11250083333333	20.689589399999978	77.56980686666817	2.11250083333333	29.92083929999998	141.99767899999705	2.11250083333333	34.67084060000007	222.82085653334877	2.11250083333333	37.93855200000032	268.5810049000271	2.11250083333333	44.29063363333448	305.0510558000348
155	2.1458341999999972	21.681256066666645	81.76355720000127	2.1458341999999972	30.67917246666665	149.12189556666556	2.1458341999999972	36.187507033333524	232.84898056668501	2.1458341999999972	40.15938490000079	278.41564063336335	2.1458341999999972	46.68959163333459	316.15522213336914
156	2.037500899999997	22.693755799999977	83.79272353333447	2.037500899999997	31.587506033333316	153.8406453999995	2.037500899999997	37.55417360000026	239.13908553335284	2.037500899999997	41.5593849000009	284.66814723336444	2.037500899999997	48.604174900001524	322.57498123337035
157	2.1375008999999974	23.09375579999998	84.6093898333344	2.1375008999999974	31.900006133333314	156.09168703333316	2.1375008999999974	37.89584023333364	242.17658633335392	2.1375008999999974	41.81771836666762	286.972315000032	2.1375008999999974	49.02917493333489	326.1398259000377
158	2.1375008999999974	23.277089199999978	85.10730680000107	2.1375008999999974	32.233339166666646	157.72918720000035	2.1375008999999974	38.35417313333366	244.26408693335424	2.1375008999999974	42.2177182666677	289.3160652333657	2.1375008999999974	49.39479973333497	328.62628446670493
159	2.1375008999999974	23.547922733333312	85.45522350000111	2.1375008999999974	32.425005966666646	158.29168773333384	2.1375008999999974	38.67500656666701	245.27294073335452	2.1375008999999974	42.43855180000103	290.3410653000326	2.1375008999999974	49.67813326666835	329.88045130003866
160	2.1375008999999974	23.697922899999977	85.53022373333444	2.1375008999999974	32.55625583333332	158.36668760000055	2.1375008999999974	38.71667320000035	245.4260660666879	2.1375008999999974	42.605218433334386	290.7368987333662	2.1375008999999974	49.80105010000168	330.2950347000388
161	2.1375008999999974	23.718756099999975	85.59272320000109	2.1375008999999974	32.55625583333332	158.58752096666728	2.1375008999999974	38.74583976666701	245.45939960002127	2.1375008999999974	42.651051333334394	290.7827327333662	2.1375008999999974	49.84688300000168	330.31170196670547
162	2.1375008999999974	23.735422699999976	85.73855690000109	2.1375008999999974	32.627089399999974	158.76043750000068	2.1375008999999974	38.795839866667016	245.75887880002145	2.1375008999999974	42.734384966667726	291.26398283336624	2.1375008999999974	49.919799733335026	330.81795210003907
163	2.1208340999999975	23.727089266666646	85.9177238333344	2.1208340999999975	32.656256133333315	159.1708542333341	2.1208340999999975	38.86250676666702	246.35471186668823	2.1208340999999975	42.79271850000108	291.86919050003297	2.1208340999999975	49.982299566668374	331.38982643337283
164	2.1208340999999975	23.781255866666644	86.40105743333437	2.1208340999999975	32.831256433333316	161.0380414333347	2.1208340999999975	39.095840200000346	248.2489820666885	2.1208340999999975	43.276051966667794	293.03325203336624	2.1208340999999975	50.35313300000173	332.5085758667064
165	2.0291673999999977	24.285422466666645	88.10939096666748	2.0291673999999977	33.40208973333331	164.26720893333507	2.0291673999999977	39.75834013333379	251.18752523335627	2.0291673999999977	44.096885333334505	296.7371599333667	2.0291673999999977	51.16042440000176	335.68357710004074
166	2.0291673999999977	24.63958919999998	89.39689113333382	2.0291673999999977	33.77292343333331	165.75783276666837	2.0291673999999977	39.66667356666713	252.5692959000235	2.0291673999999977	44.6666772000012	298.0829930333672	2.0291673999999977	51.45625793333514	337.8408687667081
167	2.0291673999999977	24.777089133333313	89.95522496666717	2.0291673999999977	34.1062567	166.06095776666854	2.0291673999999977	39.862506533333836	252.89012910002373	2.0291673999999977	44.78334363333455	298.1569517333673	2.0291673999999977	51.59375780000183	337.86066083337505
