Time	M2MShare_1_hop_10	M2MShare_2_hop_10	M2MShare_3_hop_10	M2MShare_1_hop_25	M2MShare_2_hop_25	M2MShare_3_hop_25	M2MShare_1_hop_50	M2MShare_2_hop_50	M2MShare_3_hop_50	M2MShare_1_hop_75	M2MShare_2_hop_75	M2MShare_3_hop_75	M2MShare_1_hop_100	M2MShare_2_hop_100	M2MShare_3_hop_100
0	0	0	0	0	0	0	0	0	0	0	0	0	0	0	0
1	0	0	0	0	0	0	0	0	0	0	0	0	0	0	0
2	1	1	1	1	1	1	1	1	1	1	1	1	1	1	1
3	1	1	1	1	1	1	1	1	1	1	1	1	1	1	1
4	1	1	1	1	1	1	1	1	1	1	1	1	1	1	1
5	1	1	1	1	1	1	1	1	1	1	1	1	1	1	1
6	2	2	2	2	2	2	2	2	2	2	2	2	2	2	2
7	2	2	2	2	2	2	2	2	2	2	2	2	2	2	2
8	2	2	2	2	2	2	2	2	2	2	2	2	2	2	2
9	2	2	2	2	2	2	2	2	2	2	2	2	2	2	2
10	2	2	2	2	2	2	2	2	2	2	2	2	2	2	2
11	3	3	3	3	3	3	3	3	3	3	3	3	3	3	3
12	3	3	3	3	3	3	3	3	3	3	3	3	3	3	3
13	3	3	3	3	3	3	3	3	3	3	3	3	3	3	3
14	3	3	3	3	3	3	3	3	3	3	3	3	3	3	3
15	4	4	4	4	4	4	4	4	4	4	4	4	4	4	4
16	4	4	4	4	4	4	4	4	4	4	4	4	4	4	4
17	4	4	4	4	4	4	4	4	4	4	4	4	4	4	4
18	4	4	4	4	4	4	4	4	4	4	4	4	4	4	4
19	4	4	4	4	4	4	4	4	4	4	4	4	4	4	4
20	4	4	4	4	4	4	4	4	4	4	4	4	4	4	4
21	4	4	4	4	4	4	4	4	4	4	4	4	4	4	4
22	4	4	4	4	4	4	4	4	4	4	4	4	4	4	4
23	4	4	4	4	4	4	4	4	4	4	4	4	4	4	4
24	5	5	5	5	5	5	5	5	5	5	5	5	5	5	5
25	6	6	6	6	6	6	6	6	6	6	7	7	6	7	7
26	6	7	7	6	8	8	6	8	8	6	8	8	6	9	9
27	7	8	8	7	9	9	7	9	9	7	10	10	7	10	10
28	7	9	9	7	10	10	7	11	11	7	11	11	7	12	12
29	8	10	10	8	11	11	8	12	12	8	13	13	8	13	13
30	8	11	11	8	12	12	8	13	13	8	14	14	8	14	14
31	8	11	11	8	13	13	8	14	14	8	15	15	8	15	15
32	9	13	13	9	14	14	9	16	16	9	16	16	9	17	17
33	9	14	14	9	15	15	9	17	17	9	18	18	9	19	19
34	10	15	15	10	17	17	10	19	19	10	21	21	10	22	22
35	10	16	16	10	18	18	10	20	20	10	22	22	10	24	24
36	10	17	17	10	19	19	10	22	22	10	24	24	10	26	26
37	11	17	17	11	20	20	11	23	23	11	25	25	11	27	27
38	11	18	18	11	20	20	11	23	23	11	25	25	11	27	27
39	11	18	18	11	20	20	11	23	23	11	26	26	11	27	27
40	11	18	18	11	20	20	11	23	23	11	26	26	11	27	27
41	11	18	18	11	20	20	11	23	23	11	26	26	11	28	28
42	11	18	18	11	20	20	11	24	24	11	26	26	11	28	28
43	11	18	18	11	20	20	11	24	24	11	26	26	11	28	28
44	11	18	18	11	20	20	11	24	24	11	26	26	11	28	28
45	11	19	19	11	21	21	11	25	25	11	27	27	11	29	29
46	11	19	19	11	22	22	11	25	25	11	28	28	11	30	30
47	12	21	21	12	24	24	12	28	28	12	31	31	12	33	33
48	12	22	22	12	25	25	12	30	30	12	34	34	12	38	38
49	12	23	23	12	27	27	12	33	33	12	37	37	12	41	41
50	11	24	24	11	28	29	11	34	35	11	39	39	11	43	43
51	11	25	25	11	29	30	11	36	36	11	40	41	11	44	45
52	11	26	26	11	31	31	11	37	38	11	42	43	11	46	47
53	11	26	26	11	31	32	11	38	38	11	42	43	11	47	48
54	11	26	27	11	32	33	11	39	41	11	44	46	11	48	50
55	11	28	29	11	34	35	11	41	43	11	46	48	11	51	53
56	11	29	30	11	35	37	11	44	46	11	49	52	11	54	58
57	11	30	32	11	37	40	11	47	51	11	52	57	11	58	64
58	11	31	33	11	39	43	11	49	54	11	55	62	11	61	69
59	11	32	34	11	40	45	11	51	57	11	58	66	11	64	75
60	11	32	34	11	41	46	11	52	58	11	58	68	11	65	77
61	11	32	35	11	41	46	11	52	59	11	59	69	11	66	79
62	11	32	35	11	42	47	11	53	60	11	60	71	11	67	80
63	11	32	35	11	42	47	11	53	60	11	60	71	11	67	81
64	11	32	35	11	42	47	11	53	60	11	60	71	11	67	81
65	11	33	35	11	42	47	11	53	61	11	61	71	11	67	81
66	11	33	35	11	42	47	11	53	61	11	61	72	11	67	81
67	11	33	36	11	42	48	11	53	61	11	61	72	11	68	82
68	11	33	36	11	42	48	11	53	62	11	61	73	11	68	83
69	10	33	36	10	43	49	10	54	63	10	62	74	10	69	85
70	11	34	37	11	44	51	11	55	65	11	63	77	11	71	89
71	10	34	39	10	45	53	10	57	69	10	65	83	10	73	95
72	10	37	42	10	49	59	10	61	78	10	70	94	10	78	108
73	11	38	46	11	52	65	11	65	89	11	74	106	11	82	123
74	12	40	51	12	54	72	12	67	98	12	76	117	12	85	135
75	12	42	54	12	56	77	12	69	104	12	78	124	12	87	144
76	12	43	57	12	56	80	12	70	109	12	79	129	12	88	151
77	13	44	60	13	58	83	13	71	113	13	80	134	13	89	156
78	13	45	62	13	59	87	13	72	118	13	81	140	13	91	163
79	13	46	66	13	60	91	13	74	126	13	83	150	13	93	175
80	14	48	70	14	62	97	14	76	135	14	86	162	14	96	190
81	15	49	75	15	64	106	15	80	148	15	90	179	15	101	210
82	15	51	79	15	66	113	15	82	160	15	93	193	15	104	228
83	15	52	81	15	68	117	15	84	168	15	96	203	15	107	239
84	16	53	83	16	69	120	16	86	173	16	97	211	16	109	249
85	16	53	84	16	69	122	16	87	177	16	98	215	16	110	255
86	16	53	85	16	69	123	16	87	179	16	98	218	16	110	258
87	16	53	85	16	70	123	16	87	180	16	99	219	16	111	260
88	16	53	85	16	70	124	16	87	180	16	99	220	16	111	261
89	16	53	85	16	70	124	16	87	181	16	99	221	16	111	261
90	16	53	85	16	70	124	16	87	181	16	99	221	16	111	262
91	16	53	85	16	70	124	16	88	182	16	99	222	16	111	263
92	16	54	86	16	70	125	16	88	183	16	100	224	16	112	265
93	17	54	87	17	71	127	17	89	187	17	101	228	17	113	270
94	17	55	89	17	72	132	17	90	194	17	102	236	17	114	281
95	17	56	92	17	73	138	17	92	205	17	105	248	17	117	295
96	17	56	96	17	74	146	17	93	218	17	105	265	17	118	315
97	16	57	100	16	75	154	16	94	230	16	106	279	16	118	333
98	16	57	104	16	75	160	16	94	240	16	106	291	16	119	347
99	16	57	107	16	75	165	16	94	248	16	106	299	16	118	357
100	16	57	110	16	75	169	16	94	253	16	106	305	16	118	364
101	16	57	113	16	75	173	16	94	258	16	106	310	16	118	370
102	16	58	115	16	76	177	16	94	263	16	107	318	16	119	379
103	16	59	118	16	77	183	16	94	271	16	108	328	16	120	391
104	17	60	122	17	78	189	17	96	282	17	109	342	17	122	407
105	18	61	127	18	80	198	18	98	294	18	111	357	18	124	425
106	18	62	130	18	81	204	18	100	305	18	112	372	18	125	441
107	18	63	133	18	82	211	18	101	316	18	113	384	18	126	455
108	18	63	134	18	82	214	18	101	321	18	114	391	18	127	463
109	18	64	136	18	82	217	18	102	325	18	114	396	18	127	468
110	18	63	136	18	82	218	18	102	326	18	114	398	18	127	470
111	18	64	136	18	82	219	18	102	327	18	115	399	18	127	471
112	18	64	137	18	82	219	18	102	328	18	115	399	18	127	472
113	18	63	137	18	82	220	18	102	328	18	115	400	18	128	473
114	18	64	137	18	82	220	18	102	329	18	115	400	18	128	474
115	19	64	137	19	82	221	18	102	330	19	115	401	18	128	475
116	19	64	137	19	83	222	19	103	331	19	115	403	19	128	476
117	19	64	138	19	83	223	19	104	335	19	116	407	19	129	481
118	19	65	140	19	84	226	19	105	341	19	117	415	19	130	489
119	19	66	143	19	85	232	19	106	349	19	118	423	19	132	498
120	19	66	146	19	85	238	19	105	357	19	118	433	19	131	508
121	19	65	149	19	84	243	19	103	363	19	116	439	19	129	514
122	19	65	153	19	83	248	19	103	368	19	116	446	19	128	519
123	19	65	154	19	83	251	19	102	372	19	115	451	19	127	522
124	19	65	157	19	84	254	19	102	375	19	115	454	19	127	526
125	19	65	159	19	84	256	19	102	378	19	115	458	19	127	529
126	18	65	160	18	83	259	18	102	382	18	115	463	18	127	534
127	18	65	164	18	83	264	18	101	389	18	114	471	18	126	541
128	18	64	167	18	82	270	18	100	398	18	113	479	18	124	550
129	18	64	172	18	82	279	18	99	410	18	111	492	18	122	563
130	18	64	176	18	82	287	18	98	420	18	110	502	18	120	574
131	18	64	180	18	82	293	18	97	429	18	109	510	18	119	583
132	18	63	181	18	81	296	18	97	434	18	108	515	18	118	588
133	18	64	182	18	81	299	18	96	437	18	107	518	18	118	591
134	18	64	183	18	81	300	18	97	438	18	108	519	18	118	592
135	18	64	184	18	81	301	17	97	439	18	107	520	17	118	594
136	18	64	184	18	81	301	17	97	440	18	107	521	17	118	594
137	18	64	184	18	81	301	18	96	440	18	107	521	18	118	594
138	17	64	184	17	81	302	17	96	440	17	107	521	17	118	594
139	17	64	184	17	81	302	17	96	441	17	107	521	17	117	595
140	17	64	185	17	81	303	17	96	442	17	107	522	17	118	596
141	17	64	185	17	81	304	17	96	444	17	107	524	17	117	598
142	17	64	187	17	82	307	17	96	448	17	107	528	17	117	601
143	17	63	190	17	81	312	17	95	453	17	106	533	17	116	606
144	17	66	194	17	84	319	17	98	461	17	109	542	17	120	614
145	17	68	200	17	86	325	17	102	469	17	113	549	17	123	620
146	17	70	203	17	89	330	17	104	474	17	115	554	17	126	624
147	17	71	206	17	90	333	17	106	477	17	117	556	17	127	627
148	17	72	208	17	92	336	17	107	479	17	118	559	17	128	629
149	17	73	210	17	93	339	17	108	482	17	119	562	17	129	632
150	17	74	214	17	94	343	17	109	488	17	120	568	17	130	638
151	17	75	218	17	96	350	17	111	497	17	122	577	17	133	647
152	17	76	224	17	98	360	17	113	508	17	125	591	17	136	660
153	17	79	232	17	101	372	17	116	522	17	128	605	17	139	673
154	17	81	237	17	103	382	17	119	534	17	130	616	17	143	685
155	17	82	243	17	105	390	17	121	543	17	133	625	17	145	693
156	17	83	246	17	107	395	17	123	548	17	135	629	17	148	698
157	17	84	247	17	108	398	17	124	551	17	136	632	17	149	701
158	17	84	248	17	108	399	17	124	552	17	136	633	17	149	702
159	17	84	248	17	108	400	17	125	553	17	137	634	17	150	703
160	17	84	249	17	108	400	17	125	553	17	137	634	17	150	704
161	17	84	249	17	108	400	17	125	554	17	137	634	17	150	704
162	17	84	249	17	108	400	17	125	554	17	137	635	17	150	704
163	17	84	249	17	109	401	17	125	555	17	137	635	17	150	705
164	17	84	250	17	109	403	17	126	556	17	138	637	17	151	706
165	17	85	252	17	110	405	17	127	560	17	138	639	17	152	709
166	17	86	255	17	111	409	17	128	563	17	140	643	17	152	713
167	17	86	256	17	111	410	17	128	565	17	140	645	17	153	714
